DEGREE = 4
zeror[0] =  -0.356062		zeror[1] =  -0.356062		zeror[2] =   1.241677		zeror[3] =   1.970446		
zeroi[0] =   0.162758		zeroi[1] =  -0.162758		zeroi[2] =   0.000000		|f(x*)| =   0.000000		zeroi[3] =   0.000000		|f(x*)| =   0.000000		

