DEGREE = 5
zeror[0] =   1.000000		zeror[1] =   1.000000		zeror[2] =  -2.000000		zeror[3] =  -2.000000		zeror[4] =   3.000000		
zeroi[0] =   2.000000		zeroi[1] =  -2.000000		zeroi[2] =   1.000000		zeroi[3] =  -1.000000		zeroi[4] =   0.000000		|f(x*)| =   0.000000		

