DEGREE = 6
zeror[0] =   1.000000		zeror[1] =   1.000000		zeror[2] =  -0.000000		zeror[3] =  -0.000000		zeror[4] =  -0.000000		zeror[5] =  -0.000000		
zeroi[0] =   0.000000		|f(x*)| =   0.000000		zeroi[1] =   0.000000		|f(x*)| =   0.000000		zeroi[2] =   2.000000		zeroi[3] =  -2.000000		zeroi[4] =   3.000000		zeroi[5] =  -3.000000		

